19.00   14.00   -20.00
26.00   10.00   -7.00
31.00   0.00    0.00
39.00   0.00    2.00
41.00   1.00    5.00
55.00   -5.00   2.00
62.00   -5.00   -1.00
71.00   5.00    -8.00
77.00   14.00   -15.00
75.00   24.00   -23.00
76.00   18.00   -14.00
76.00   14.00   -17.00
74.00   4.00    -10.00
78.00   -2.00   -11.00
77.00   -14.00  -16.00
77.00   -28.00  -34.00
76.00   -29.00  -54.00
73.00   -16.00  -73.00
61.00   0.00    -86.00
58.00   9.00    -87.00
56.00   10.00   -82.00
50.00   11.00   -83.00
45.00   8.00    -85.00
42.00   9.00    -86.00
48.00   16.00   -78.00
72.00   24.00   -62.00
76.00   26.00   -28.00
70.00   12.00   -5.00
64.00   9.00    2.00
56.00   8.00    1.00
49.00   3.00    3.00
38.00   10.00   -8.00
38.00   24.00   -4.00
60.00   32.00   -18.00
75.00   31.00   -38.00
65.00   21.00   -71.00
39.00   10.00   -82.00
19.00   -2.00   -74.00
12.00   -17.00  -47.00
15.00   -24.00  -40.00
15.00   -25.00  -46.00
22.00   -33.00  -58.00
43.00   -40.00  -66.00
65.00   -38.00  -61.00
75.00   -35.00  -35.00
79.00   -9.00   -18.00
79.00   4.00    -15.00
75.00   21.00   -28.00
75.00   27.00   -39.00
65.00   34.00   -50.00
52.00   36.00   -54.00
44.00   40.00   -44.00
43.00   35.00   -31.00
42.00   31.00   -14.00
31.00   24.00   -13.00
18.00   22.00   -19.00
16.00   23.00   -42.00
25.00   18.00   -67.00
43.00   1.00    -84.00
55.00   -15.00  -86.00
67.00   -31.00  -68.00
70.00   -34.00  -36.00
64.00   -34.00  -13.00
53.00   -18.00  0.00
60.00   -10.00  2.00
78.00   2.00    -14.00
83.00   7.00    -21.00
85.00   7.00    -33.00
83.00   17.00   -44.00
80.00   25.00   -50.00
70.00   25.00   -63.00
55.00   28.00   -70.00
42.00   36.00   -56.00
42.00   41.00   -41.00
56.00   37.00   -39.00
44.00   37.00   -51.00
34.00   27.00   -68.00
18.00   1.00    -74.00
21.00   -27.00  -61.00
48.00   -44.00  -47.00
71.00   -32.00  -29.00
75.00   -6.00   -7.00
72.00   1.00    -5.00
79.00   7.00    -20.00
86.00   13.00   -43.00
78.00   23.00   -50.00
73.00   30.00   -50.00
60.00   34.00   -46.00
54.00   40.00   -35.00
55.00   35.00   -21.00
45.00   36.00   -18.00
33.00   34.00   -29.00
17.00   25.00   -40.00
12.00   -2.00   -56.00
26.00   -31.00  -69.00
48.00   -41.00  -59.00
65.00   -38.00  -37.00
69.00   -27.00  -15.00
64.00   -15.00  -6.00
77.00   -18.00  -14.00
88.00   -1.00   -26.00
79.00   20.00   -36.00
61.00   36.00   -37.00
46.00   40.00   -30.00
37.00   34.00   -23.00
32.00   37.00   -30.00
32.00   32.00   -49.00
41.00   28.00   -68.00
46.00   19.00   -77.00
57.00   5.00    -86.00
57.00   -10.00  -82.00
66.00   -18.00  -77.00
64.00   -26.00  -66.00
59.00   -32.00  -69.00
61.00   -33.00  -65.00
55.00   -38.00  -67.00
54.00   -32.00  -69.00
60.00   -25.00  -76.00
64.00   -2.00   -85.00
65.00   12.00   -77.00
63.00   30.00   -68.00
56.00   35.00   -35.00
42.00   33.00   -18.00
34.00   19.00   -9.00
33.00   17.00   -13.00
21.00   18.00   -15.00
14.00   3.00    -35.00
13.00   -15.00  -62.00
37.00   -35.00  -60.00
58.00   -40.00  -46.00
64.00   -32.00  -24.00
67.00   -18.00  -9.00
68.00   -2.00   -8.00
69.00   5.00    -3.00
67.00   17.00   -9.00
75.00   24.00   -27.00
77.00   23.00   -42.00
70.00   34.00   -53.00
54.00   38.00   -54.00
44.00   39.00   -52.00
37.00   37.00   -48.00
31.00   37.00   -31.00
28.00   32.00   -33.00
22.00   25.00   -42.00
22.00   20.00   -65.00
30.00   3.00    -77.00
28.00   -20.00  -74.00
31.00   -36.00  -65.00
28.00   -34.00  -60.00
29.00   -35.00  -56.00
27.00   -38.00  -39.00
27.00   -28.00  -17.00
26.00   -22.00  -14.00
28.00   -18.00  -8.00
24.00   2.00    -8.00
26.00   4.00    -8.00
24.00   4.00    -8.00
27.00   -5.00   -5.00
30.00   -19.00  -7.00
30.00   -34.00  -20.00
33.00   -40.00  -38.00
33.00   -43.00  -50.00
31.00   -32.00  -66.00
32.00   -26.00  -71.00
37.00   -14.00  -82.00
36.00   7.00    -83.00
36.00   20.00   -74.00
40.00   29.00   -69.00
38.00   34.00   -52.00
34.00   36.00   -37.00
32.00   34.00   -25.00
32.00   30.00   -20.00
28.00   26.00   -19.00
31.00   30.00   -19.00
32.00   36.00   -21.00
41.00   37.00   -43.00
45.00   30.00   -62.00
37.00   12.00   -81.00
28.00   -15.00  -77.00
30.00   -36.00  -61.00
30.00   -40.00  -40.00
28.00   -39.00  -42.00
30.00   -39.00  -44.00
29.00   -40.00  -44.00
35.00   -43.00  -47.00
31.00   -40.00  -60.00
34.00   -19.00  -83.00
41.00   20.00   -76.00
38.00   37.00   -45.00
37.00   38.00   -33.00
35.00   36.00   -31.00
35.00   32.00   -30.00
40.00   37.00   -34.00
46.00   38.00   -37.00
48.00   35.00   -38.00
58.00   40.00   -35.00
63.00   37.00   -39.00
59.00   37.00   -54.00
52.00   30.00   -70.00
49.00   6.00    -85.00
51.00   -20.00  -87.00
56.00   -40.00  -58.00
50.00   -41.00  -27.00
51.00   -21.00  0.00
47.00   -1.00   -4.00
50.00   0.00    2.00
57.00   -3.00   0.00
55.00   -10.00  -1.00
62.00   -32.00  -16.00
61.00   -46.00  -52.00
44.00   -24.00  -84.00
55.00   13.00   -86.00
53.00   28.00   -70.00
52.00   37.00   -62.00
54.00   35.00   -53.00
50.00   31.00   -68.00
52.00   17.00   -80.00
39.00   -7.00   -87.00
27.00   -26.00  -72.00
32.00   -35.00  -64.00
30.00   -38.00  -55.00
28.00   -41.00  -44.00
32.00   -35.00  -30.00
32.00   -38.00  -34.00
34.00   -40.00  -48.00
34.00   -32.00  -76.00
34.00   2.00    -81.00
35.00   28.00   -72.00
34.00   39.00   -46.00
38.00   35.00   -21.00
40.00   34.00   -19.00
35.00   27.00   -9.00
38.00   23.00   -12.00
37.00   24.00   -9.00
42.00   31.00   -14.00
44.00   38.00   -37.00
38.00   37.00   -62.00
37.00   11.00   -83.00
35.00   -24.00  -76.00
40.00   -42.00  -45.00
43.00   -31.00  -14.00
38.00   5.00    -1.00
42.00   21.00   -12.00
51.00   24.00   -7.00
52.00   28.00   -8.00
51.00   29.00   -15.00
44.00   28.00   -12.00
40.00   28.00   -13.00
45.00   28.00   -14.00
51.00   22.00   -4.00
48.00   2.00    0.00
48.00   -26.00  -6.00
53.00   -44.00  -37.00
44.00   -40.00  -60.00
47.00   -18.00  -82.00
44.00   1.00    -89.00
40.00   24.00   -73.00
31.00   34.00   -54.00
37.00   35.00   -43.00
39.00   36.00   -30.00
50.00   39.00   -27.00
57.00   37.00   -27.00
64.00   31.00   -23.00
80.00   18.00   -28.00
81.00   2.00    -23.00
73.00   -13.00  -6.00
52.00   -27.00  -9.00
42.00   -35.00  -16.00
36.00   -35.00  -18.00
21.00   -28.00  -23.00
16.00   -12.00  -23.00
14.00   6.00    -18.00
19.00   15.00   -27.00
22.00   22.00   -41.00
27.00   32.00   -55.00
44.00   33.00   -66.00
62.00   30.00   -63.00
62.00   32.00   -60.00
46.00   34.00   -60.00
32.00   32.00   -45.00
37.00   34.00   -27.00
48.00   32.00   -15.00
64.00   23.00   -10.00
79.00   6.00    -18.00
81.00   -11.00  -27.00
85.00   -16.00  -41.00
84.00   -14.00  -53.00
78.00   -4.00   -69.00
70.00   6.00    -79.00
60.00   20.00   -76.00
59.00   31.00   -66.00
57.00   37.00   -49.00
48.00   37.00   -33.00
40.00   39.00   -37.00
38.00   35.00   -36.00
37.00   35.00   -40.00
33.00   35.00   -43.00
27.00   31.00   -41.00
15.00   24.00   -36.00
11.00   3.00    -31.00
20.00   -11.00  -16.00
38.00   -18.00  -4.00
47.00   -21.00  0.00
53.00   -10.00  2.00
51.00   -1.00   4.00
41.00   10.00   2.00
45.00   26.00   -6.00
53.00   37.00   -25.00
55.00   37.00   -47.00
57.00   38.00   -48.00
67.00   34.00   -51.00
73.00   24.00   -61.00
73.00   15.00   -75.00
64.00   2.00    -82.00
60.00   -5.00   -85.00
61.00   -13.00  -79.00
57.00   -19.00  -78.00
59.00   -21.00  -81.00
59.00   -30.00  -77.00
63.00   -36.00  -61.00
63.00   -40.00  -55.00
66.00   -39.00  -56.00
76.00   -31.00  -61.00
83.00   -20.00  -50.00
86.00   -2.00   -42.00
82.00   14.00   -23.00
68.00   25.00   -18.00
53.00   33.00   -19.00
40.00   38.00   -34.00
34.00   31.00   -50.00
34.00   29.00   -64.00
32.00   21.00   -78.00
29.00   21.00   -72.00
30.00   31.00   -59.00
39.00   38.00   -37.00
64.00   30.00   -25.00
81.00   17.00   -36.00
84.00   9.00    -49.00
86.00   0.00    -48.00
88.00   -8.00   -43.00
86.00   -15.00  -28.00
63.00   -20.00  -2.00
47.00   -15.00  0.00
37.00   7.00    -3.00
31.00   28.00   -22.00
35.00   35.00   -46.00
28.00   30.00   -29.00
47.00   1.00    -1.00
64.00   -21.00  -6.00
73.00   -20.00  -14.00
59.00   10.00   -3.00
40.00   28.00   -13.00
37.00   23.00   -6.00
49.00   -5.00   3.00
59.00   -28.00  -4.00
62.00   -25.00  -8.00
56.00   -4.00   0.00
40.00   24.00   -9.00
35.00   37.00   -46.00
37.00   30.00   -65.00
36.00   17.00   -78.00
35.00   16.00   -81.00
33.00   16.00   -75.00
21.00   10.00   -62.00
17.00   2.00    -60.00
13.00   -3.00   -60.00
10.00   -2.00   -36.00
53.00   -8.00   0.00
67.00   -5.00   -3.00
61.00   0.00    1.00
52.00   12.00   5.00
40.00   17.00   -2.00
34.00   22.00   -8.00
28.00   24.00   -11.00
38.00   14.00   -3.00
52.00   12.00   1.00
55.00   15.00   -2.00
58.00   9.00    0.00
49.00   4.00    0.00
39.00   0.00    0.00
35.00   -1.00   -3.00
27.00   2.00    -7.00
27.00   11.00   -4.00
32.00   18.00   -10.00
38.00   17.00   -5.00
41.00   16.00   -5.00
46.00   14.00   -2.00
49.00   13.00   -2.00
60.00   5.00    0.00
65.00   -8.00   -4.00
70.00   -16.00  -12.00
60.00   -30.00  -14.00
47.00   -41.00  -25.00
40.00   -44.00  -40.00
35.00   -39.00  -33.00
34.00   -36.00  -24.00
38.00   -30.00  -18.00
41.00   -32.00  -16.00
46.00   -31.00  -15.00
50.00   -32.00  -18.00
54.00   -32.00  -12.00
58.00   -34.00  -15.00
64.00   -32.00  -19.00
68.00   -31.00  -19.00
77.00   -29.00  -22.00
76.00   -29.00  -24.00
78.00   -29.00  -38.00
80.00   -30.00  -35.00
79.00   -30.00  -37.00
74.00   -35.00  -29.00
73.00   -35.00  -30.00
69.00   -32.00  -25.00
70.00   -37.00  -25.00
65.00   -31.00  -21.00
67.00   -28.00  -15.00
66.00   -25.00  -12.00
60.00   -28.00  -13.00
61.00   -29.00  -13.00
57.00   -32.00  -16.00
48.00   -42.00  -24.00
39.00   -41.00  -32.00
40.00   -34.00  -12.00
45.00   -4.00   3.00
50.00   21.00   -7.00
52.00   37.00   -30.00
51.00   32.00   -64.00
66.00   17.00   -70.00
84.00   14.00   -43.00
81.00   -4.00   -25.00
63.00   -38.00  -24.00
27.00   -39.00  -48.00
34.00   -25.00  -82.00
41.00   -39.00  -70.00
30.00   -40.00  -44.00
12.00   -18.00  -33.00
15.00   18.00   -37.00
34.00   39.00   -48.00
52.00   31.00   -67.00
61.00   15.00   -76.00
71.00   12.00   -77.00
83.00   11.00   -54.00
86.00   -10.00  -33.00
73.00   -34.00  -28.00
37.00   -43.00  -37.00
21.00   -18.00  -74.00
30.00   -9.00   -83.00
25.00   -1.00   -79.00
14.00   7.00    -72.00
12.00   13.00   -48.00
17.00   22.00   -34.00
29.00   28.00   -28.00
45.00   38.00   -33.00
53.00   36.00   -54.00
50.00   28.00   -67.00
35.00   18.00   -83.00
27.00   10.00   -77.00
29.00   16.00   -75.00
47.00   33.00   -64.00
72.00   30.00   -58.00
88.00   2.00    -49.00
83.00   -26.00  -37.00
57.00   -47.00  -41.00
31.00   -40.00  -51.00
24.00   -26.00  -72.00
27.00   -23.00  -79.00
21.00   -29.00  -63.00
14.00   -22.00  -46.00
9.00    6.00    -40.00
25.00   33.00   -40.00
50.00   39.00   -63.00
62.00   25.00   -71.00
77.00   20.00   -64.00
84.00   13.00   -35.00
82.00   -8.00   -17.00
64.00   -35.00  -16.00
37.00   -42.00  -43.00
16.00   -22.00  -55.00
23.00   3.00    -77.00
22.00   7.00    -72.00
17.00   5.00    -67.00
8.00    -4.00   -53.00
12.00   -9.00   -25.00
29.00   3.00    -2.00
41.00   14.00   0.00
47.00   26.00   -12.00
55.00   35.00   -28.00
51.00   36.00   -53.00
46.00   32.00   -66.00
41.00   39.00   -42.00
40.00   28.00   -13.00
39.00   0.00    2.00
41.00   -34.00  -15.00
37.00   -42.00  -48.00
19.00   -22.00  -70.00
12.00   -4.00   -62.00
14.00   12.00   -62.00
10.00   10.00   -53.00
7.00    2.00    -45.00
11.00   1.00    -25.00
19.00   22.00   -29.00
34.00   39.00   -49.00
56.00   39.00   -47.00
67.00   30.00   -24.00
63.00   1.00    -1.00
62.00   -33.00  -17.00
51.00   -45.00  -50.00
27.00   -34.00  -63.00
17.00   -5.00   -68.00
22.00   19.00   -65.00
27.00   33.00   -51.00
21.00   30.00   -52.00
12.00   15.00   -39.00
11.00   -8.00   -31.00
20.00   -22.00  -23.00
40.00   -38.00  -18.00
62.00   -36.00  -22.00
73.00   -32.00  -52.00
68.00   -12.00  -79.00
71.00   -4.00   -81.00
78.00   4.00    -71.00
83.00   3.00    -65.00
87.00   -8.00   -44.00
87.00   -2.00   -28.00
81.00   4.00    -18.00
65.00   -2.00   1.00
42.00   -23.00  -1.00
23.00   -37.00  -38.00
22.00   -22.00  -71.00
21.00   -25.00  -68.00
22.00   -34.00  -41.00
49.00   -33.00  -12.00
84.00   -15.00  -17.00
87.00   3.00    -42.00
81.00   14.00   -69.00
74.00   20.00   -67.00
70.00   24.00   -67.00
70.00   28.00   -63.00
76.00   28.00   -49.00
81.00   12.00   -19.00
67.00   -5.00   -2.00
49.00   -33.00  -9.00
38.00   -46.00  -39.00
30.00   -35.00  -64.00
17.00   -27.00  -70.00
16.00   -19.00  -61.00
14.00   -17.00  -30.00
24.00   1.00    -5.00
48.00   21.00   -3.00
72.00   31.00   -28.00
63.00   33.00   -59.00
57.00   35.00   -58.00
76.00   25.00   -54.00
92.00   -5.00   -43.00
77.00   -31.00  -40.00
56.00   -42.00  -40.00
30.00   -40.00  -49.00
18.00   -30.00  -55.00
12.00   -19.00  -38.00
12.00   -10.00  -28.00
15.00   6.00    -24.00
20.00   17.00   -21.00
29.00   33.00   -35.00
37.00   36.00   -59.00
47.00   33.00   -68.00
66.00   30.00   -61.00
83.00   18.00   -34.00
83.00   -5.00   -24.00
68.00   -33.00  -22.00
44.00   -41.00  -25.00
22.00   -33.00  -54.00
14.00   -17.00  -66.00
15.00   0.00    -68.00
15.00   -1.00   -70.00
9.00    -11.00  -57.00
5.00    -12.00  -37.00
11.00   -1.00   -23.00
13.00   15.00   -28.00
19.00   27.00   -40.00
26.00   33.00   -53.00
35.00   31.00   -68.00
50.00   29.00   -69.00
61.00   28.00   -68.00
80.00   27.00   -42.00
88.00   4.00    -31.00
82.00   -18.00  -24.00
63.00   -43.00  -40.00
36.00   -31.00  -73.00
20.00   -12.00  -71.00
16.00   2.00    -67.00
24.00   24.00   -57.00
23.00   21.00   -60.00
15.00   8.00    -60.00
10.00   -18.00  -48.00
14.00   -20.00  -24.00
31.00   -9.00   -2.00
54.00   15.00   -1.00
52.00   34.00   -17.00
48.00   39.00   -48.00
53.00   39.00   -55.00
67.00   33.00   -42.00
83.00   17.00   -34.00
81.00   -9.00   -15.00
63.00   -33.00  -19.00
35.00   -41.00  -36.00
14.00   -27.00  -47.00
10.00   -14.00  -53.00
11.00   0.00    -51.00
15.00   15.00   -59.00
18.00   11.00   -71.00
14.00   -5.00   -66.00
8.00    -18.00  -38.00
18.00   -7.00   -10.00
31.00   19.00   -7.00
43.00   39.00   -33.00
50.00   37.00   -63.00
68.00   29.00   -60.00
81.00   19.00   -42.00
80.00   -3.00   -28.00
66.00   -37.00  -23.00
41.00   -50.00  -44.00
20.00   -32.00  -59.00
21.00   -15.00  -75.00
20.00   -30.00  -60.00
13.00   -22.00  -33.00
13.00   12.00   -29.00
32.00   33.00   -33.00
48.00   39.00   -44.00
61.00   30.00   -63.00
68.00   25.00   -58.00
78.00   22.00   -42.00
81.00   13.00   -23.00
73.00   -13.00  -8.00
62.00   -33.00  -15.00
52.00   -41.00  -22.00
50.00   -45.00  -44.00
54.00   -42.00  -59.00
61.00   -32.00  -69.00
71.00   -14.00  -81.00
72.00   15.00   -70.00
70.00   28.00   -53.00
66.00   31.00   -43.00
65.00   30.00   -47.00
66.00   30.00   -48.00
67.00   30.00   -48.00
67.00   24.00   -59.00
67.00   20.00   -73.00
57.00   0.00    -88.00
41.00   -22.00  -83.00
31.00   -38.00  -62.00
35.00   -41.00  -26.00
40.00   -21.00  0.00
65.00   5.00    -1.00
71.00   0.00    0.00
55.00   -27.00  -4.00
28.00   -33.00  -19.00
8.00    -17.00  -31.00
11.00   0.00    -57.00
12.00   1.00    -62.00
12.00   -6.00   -24.00
33.00   -10.00  -5.00
60.00   -15.00  -3.00
77.00   -5.00   -12.00
81.00   8.00    -18.00
71.00   26.00   -19.00
68.00   25.00   -16.00
62.00   26.00   -10.00
56.00   15.00   -1.00
52.00   4.00    3.00
48.00   -7.00   2.00
50.00   -16.00  -5.00
49.00   -18.00  0.00
54.00   -14.00  0.00
58.00   -14.00  -1.00
63.00   -16.00  1.00
68.00   -18.00  -8.00
71.00   -15.00  -12.00
73.00   -15.00  -10.00
74.00   -14.00  -11.00
76.00   -14.00  -9.00
71.00   -14.00  -8.00
71.00   -15.00  -14.00
71.00   -18.00  -9.00
69.00   -23.00  -11.00
70.00   -23.00  -12.00
66.00   -22.00  -11.00
67.00   -21.00  -10.00
64.00   -23.00  -12.00
67.00   -24.00  -10.00
66.00   -19.00  -11.00
68.00   -21.00  -2.00
68.00   -20.00  -6.00
67.00   -20.00  -5.00
63.00   -18.00  -4.00
64.00   -17.00  -4.00
63.00   -22.00  -3.00
68.00   -17.00  -3.00
69.00   -16.00  -6.00
74.00   -12.00  -9.00
73.00   -1.00   -4.00
67.00   0.00    1.00
60.00   -28.00  -6.00
53.00   -45.00  -29.00
58.00   -45.00  -26.00
66.00   -38.00  -21.00
68.00   -32.00  -13.00
68.00   -34.00  -12.00
66.00   -31.00  -18.00
67.00   -28.00  -8.00
64.00   -28.00  -8.00
67.00   -30.00  -9.00
67.00   -31.00  -10.00
70.00   -28.00  -15.00
74.00   -26.00  -16.00
78.00   -21.00  -19.00
78.00   -23.00  -14.00
77.00   -22.00  -21.00
79.00   -17.00  -15.00
81.00   -19.00  -13.00
77.00   -18.00  -9.00
76.00   -21.00  -11.00
78.00   -20.00  -10.00
76.00   -24.00  -15.00
75.00   -23.00  -12.00
73.00   -25.00  -9.00
75.00   -25.00  -13.00
73.00   -22.00  -6.00
74.00   -16.00  -3.00
74.00   -13.00  -5.00
76.00   -10.00  -5.00
73.00   -9.00   -7.00
76.00   -13.00  -7.00
76.00   -14.00  -8.00
74.00   -15.00  -7.00
74.00   -12.00  -4.00
75.00   -10.00  -8.00
75.00   -11.00  -4.00
77.00   -12.00  -10.00
77.00   -11.00  -7.00
74.00   -15.00  -8.00
76.00   -15.00  -9.00
74.00   -12.00  -4.00
73.00   -8.00   -3.00
75.00   -4.00   -9.00
75.00   -4.00   -8.00
76.00   -2.00   -3.00
76.00   -4.00   -3.00
76.00   -7.00   -7.00
75.00   -4.00   -6.00
74.00   -4.00   0.00
73.00   -5.00   -3.00
74.00   -4.00   -3.00
73.00   -9.00   -4.00
73.00   -4.00   -1.00
72.00   -6.00   -6.00
75.00   -5.00   -3.00
72.00   -6.00   -5.00
73.00   -9.00   -6.00
74.00   -8.00   -7.00
75.00   -10.00  -6.00
73.00   -13.00  -5.00
74.00   -14.00  -3.00
73.00   -12.00  -7.00
74.00   -12.00  -8.00
77.00   -11.00  -10.00
79.00   -9.00   -10.00
79.00   -12.00  -17.00
81.00   -13.00  -17.00
86.00   -13.00  -14.00
83.00   -14.00  -19.00
80.00   -12.00  -15.00
76.00   -11.00  -10.00
77.00   -8.00   -8.00
77.00   -5.00   -4.00
73.00   -2.00   -4.00
75.00   -5.00   -3.00
72.00   -3.00   -5.00
71.00   -2.00   -6.00
69.00   -16.00  -7.00
84.00   -18.00  -24.00
90.00   -10.00  -40.00
84.00   -19.00  -54.00
79.00   -33.00  -45.00
57.00   -48.00  -41.00
43.00   -42.00  -66.00
42.00   -35.00  -73.00
57.00   -41.00  -59.00
82.00   -27.00  -46.00
89.00   -4.00   -44.00
83.00   10.00   -50.00
89.00   4.00    -51.00
87.00   -21.00  -47.00
73.00   -32.00  -24.00
51.00   -43.00  -19.00
32.00   -42.00  -36.00
34.00   -36.00  -69.00
50.00   -25.00  -83.00
63.00   -17.00  -82.00
77.00   -13.00  -77.00
88.00   -5.00   -56.00
86.00   13.00   -45.00
81.00   24.00   -30.00
73.00   27.00   -22.00
73.00   20.00   -18.00
74.00   7.00    -12.00
73.00   -15.00  -3.00
48.00   -31.00  -11.00
25.00   -33.00  -16.00
15.00   -26.00  -27.00
14.00   -25.00  -28.00
20.00   -29.00  -21.00
40.00   -33.00  -8.00
70.00   -22.00  -16.00
86.00   -16.00  -24.00
86.00   0.00    -23.00
84.00   3.00    -20.00
81.00   2.00    -18.00
82.00   -2.00   -21.00
76.00   -1.00   -8.00
66.00   -2.00   0.00
67.00   0.00    -7.00
68.00   2.00    -7.00
64.00   10.00   -5.00
56.00   12.00   1.00
51.00   13.00   -1.00
46.00   13.00   -1.00
47.00   10.00   4.00
49.00   11.00   0.00
48.00   10.00   2.00
54.00   10.00   1.00
53.00   10.00   2.00
60.00   9.00    -3.00
61.00   10.00   0.00
60.00   13.00   2.00
61.00   10.00   -1.00
63.00   12.00   -1.00
63.00   11.00   -1.00
58.00   10.00   0.00
61.00   11.00   -1.00
60.00   10.00   -2.00
61.00   11.00   0.00
59.00   11.00   1.00
59.00   13.00   0.00
61.00   14.00   0.00
61.00   11.00   0.00
62.00   9.00    -3.00
58.00   12.00   1.00
60.00   12.00   0.00
60.00   10.00   1.00
63.00   12.00   -3.00
61.00   11.00   -1.00
61.00   11.00   3.00
60.00   11.00   -1.00
61.00   11.00   -1.00
60.00   12.00   -1.00
60.00   11.00   -1.00
58.00   11.00   0.00
63.00   11.00   0.00
61.00   11.00   3.00
61.00   10.00   1.00
61.00   10.00   0.00
59.00   11.00   0.00
61.00   11.00   0.00
62.00   10.00   -1.00
61.00   12.00   2.00
61.00   11.00   0.00
60.00   11.00   0.00
59.00   8.00    5.00
59.00   12.00   1.00
59.00   9.00    4.00
61.00   12.00   -1.00
62.00   11.00   1.00
59.00   11.00   1.00
60.00   13.00   -1.00
61.00   10.00   1.00
60.00   10.00   0.00
61.00   12.00   0.00
59.00   10.00   1.00
62.00   11.00   -2.00
61.00   10.00   0.00
59.00   12.00   0.00
60.00   10.00   -1.00
63.00   15.00   0.00
61.00   12.00   -1.00
61.00   12.00   0.00
61.00   10.00   3.00
60.00   12.00   -2.00
60.00   11.00   2.00
61.00   13.00   2.00
65.00   14.00   1.00
60.00   11.00   1.00
63.00   10.00   0.00
60.00   11.00   0.00
62.00   10.00   2.00
60.00   12.00   -1.00
60.00   10.00   -1.00
63.00   12.00   -2.00
63.00   12.00   1.00
60.00   14.00   -1.00
61.00   13.00   2.00
61.00   10.00   -3.00
62.00   10.00   1.00
62.00   14.00   0.00
61.00   10.00   2.00
60.00   12.00   0.00
63.00   13.00   1.00
63.00   12.00   1.00
61.00   12.00   2.00
61.00   10.00   0.00
61.00   13.00   1.00
60.00   8.00    -1.00
60.00   9.00    -4.00
63.00   12.00   0.00
60.00   10.00   -3.00
60.00   12.00   -5.00
61.00   8.00    0.00
61.00   8.00    0.00
61.00   11.00   1.00
61.00   11.00   2.00
63.00   11.00   1.00
60.00   11.00   -2.00
60.00   11.00   -1.00
60.00   11.00   -2.00
60.00   11.00   -4.00
59.00   12.00   0.00
62.00   12.00   2.00
63.00   10.00   0.00
60.00   11.00   -1.00
62.00   12.00   1.00
61.00   11.00   -3.00
61.00   10.00   -1.00
63.00   13.00   0.00
58.00   11.00   0.00
60.00   10.00   0.00
60.00   11.00   -1.00
61.00   11.00   0.00
60.00   11.00   4.00
58.00   13.00   -3.00
60.00   11.00   -8.00
61.00   7.00    2.00
59.00   13.00   -1.00
60.00   11.00   2.00
60.00   13.00   2.00
60.00   11.00   0.00
58.00   8.00    1.00
58.00   11.00   1.00
58.00   10.00   -1.00
62.00   11.00   1.00
58.00   11.00   -3.00
61.00   12.00   -3.00
61.00   14.00   0.00
61.00   11.00   0.00
61.00   13.00   1.00
58.00   11.00   -3.00
62.00   10.00   3.00
61.00   13.00   1.00
60.00   12.00   0.00
60.00   10.00   2.00
63.00   10.00   5.00
60.00   11.00   1.00
61.00   9.00    -1.00
59.00   9.00    -4.00
63.00   13.00   1.00
63.00   12.00   -1.00
62.00   11.00   2.00
62.00   10.00   -1.00
62.00   10.00   1.00
62.00   10.00   1.00
59.00   11.00   2.00
60.00   12.00   -4.00
61.00   9.00    0.00
60.00   11.00   -1.00
60.00   11.00   -4.00
60.00   11.00   0.00
60.00   13.00   1.00
62.00   12.00   0.00
61.00   13.00   0.00
61.00   11.00   0.00
62.00   14.00   0.00
59.00   11.00   0.00
60.00   11.00   0.00
60.00   11.00   1.00
59.00   8.00    0.00
60.00   12.00   -3.00
63.00   10.00   3.00
61.00   11.00   -1.00
63.00   10.00   1.00
61.00   9.00    -2.00
61.00   9.00    0.00
61.00   15.00   0.00
58.00   11.00   0.00
60.00   13.00   -4.00
60.00   11.00   -4.00
61.00   11.00   4.00
59.00   11.00   2.00
57.00   13.00   0.00
62.00   10.00   1.00
61.00   10.00   -3.00
62.00   8.00    3.00
62.00   12.00   2.00
62.00   10.00   1.00
61.00   9.00    1.00
63.00   11.00   -3.00
61.00   8.00    2.00
63.00   13.00   0.00
61.00   10.00   -2.00
61.00   12.00   3.00
60.00   11.00   0.00
61.00   11.00   0.00
59.00   12.00   -4.00
58.00   10.00   -2.00
60.00   10.00   0.00
61.00   11.00   0.00
61.00   12.00   -4.00
63.00   11.00   0.00
61.00   9.00    3.00
63.00   12.00   -2.00
61.00   12.00   3.00
57.00   12.00   -1.00
61.00   13.00   -3.00
60.00   12.00   0.00
62.00   10.00   0.00
61.00   11.00   -1.00
59.00   9.00    0.00
64.00   12.00   1.00
59.00   11.00   0.00
59.00   11.00   0.00
64.00   10.00   0.00
63.00   13.00   3.00
58.00   14.00   -3.00
60.00   11.00   -4.00
63.00   12.00   -2.00
61.00   12.00   3.00
61.00   14.00   0.00
60.00   11.00   1.00
61.00   10.00   4.00
62.00   12.00   2.00
60.00   11.00   4.00
61.00   11.00   0.00
61.00   11.00   0.00
62.00   11.00   0.00
60.00   11.00   1.00
61.00   11.00   -3.00
61.00   9.00    0.00
61.00   15.00   -3.00
61.00   11.00   2.00
62.00   11.00   2.00
60.00   12.00   1.00
61.00   12.00   0.00
61.00   11.00   -1.00
63.00   11.00   0.00
60.00   8.00    1.00
60.00   13.00   5.00
62.00   13.00   1.00
61.00   11.00   1.00
63.00   15.00   0.00
60.00   11.00   0.00
61.00   13.00   2.00
59.00   11.00   2.00
64.00   12.00   -2.00
61.00   13.00   -2.00
60.00   8.00    0.00
59.00   13.00   0.00
62.00   10.00   4.00
58.00   11.00   1.00
60.00   12.00   0.00
60.00   11.00   -4.00
60.00   12.00   4.00
61.00   11.00   4.00
61.00   10.00   0.00
59.00   10.00   0.00
61.00   12.00   -1.00