47.00   22.00   4.00
49.00   19.00   3.00
48.00   21.00   -1.00
47.00   20.00   4.00
51.00   21.00   0.00
51.00   24.00   0.00
62.00   26.00   0.00
77.00   12.00   -6.00
89.00   -8.00   -22.00
86.00   -23.00  -33.00
76.00   -39.00  -35.00
51.00   -41.00  -22.00
35.00   -37.00  -21.00
32.00   -28.00  -12.00
28.00   -13.00  0.00
29.00   10.00   0.00
28.00   32.00   -11.00
38.00   40.00   -13.00
52.00   39.00   -7.00
76.00   30.00   -12.00
92.00   11.00   -22.00
89.00   -6.00   -25.00
72.00   -26.00  -12.00
44.00   -37.00  -15.00
29.00   -35.00  -19.00
14.00   -32.00  -34.00
12.00   -20.00  -69.00
23.00   -10.00  -85.00
52.00   2.00    -98.00
69.00   6.00    -90.00
70.00   14.00   -87.00
65.00   17.00   -92.00
45.00   2.00    -96.00
26.00   -25.00  -84.00
35.00   -41.00  -60.00
42.00   -44.00  -43.00
51.00   -49.00  -33.00
54.00   -41.00  -28.00
48.00   -44.00  -36.00
23.00   -35.00  -42.00
7.00    -12.00  -37.00
5.00    6.00    -43.00
4.00    8.00    -55.00
4.00    8.00    -32.00
42.00   16.00   1.00
61.00   12.00   10.00
64.00   11.00   4.00
47.00   13.00   7.00
11.00   9.00    -17.00
5.00    7.00    -63.00
11.00   12.00   -77.00
11.00   11.00   -66.00
3.00    0.00    -41.00
29.00   -4.00   0.00
64.00   -2.00   8.00
74.00   -1.00   -1.00
90.00   -3.00   -25.00
93.00   -2.00   -47.00
93.00   -8.00   -43.00
87.00   -18.00  -26.00
73.00   -33.00  -29.00
54.00   -45.00  -38.00
44.00   -47.00  -51.00
44.00   -44.00  -46.00
30.00   -37.00  -20.00
25.00   -22.00  -13.00
24.00   2.00    -2.00
34.00   25.00   -4.00
46.00   33.00   -6.00
61.00   36.00   -7.00
79.00   35.00   -23.00
87.00   31.00   -49.00
81.00   20.00   -71.00
81.00   0.00    -82.00
77.00   -18.00  -80.00
67.00   -31.00  -73.00
56.00   -38.00  -73.00
54.00   -29.00  -84.00
46.00   -20.00  -88.00
46.00   -8.00   -94.00
55.00   -8.00   -96.00
79.00   1.00    -83.00
90.00   5.00    -64.00
94.00   5.00    -44.00
94.00   0.00    -29.00
89.00   1.00    -19.00
74.00   4.00    2.00
51.00   2.00    6.00
30.00   2.00    1.00
9.00    -7.00   -25.00
3.00    -8.00   -53.00
14.00   -15.00  -69.00
35.00   -16.00  -89.00
53.00   -18.00  -93.00
64.00   -22.00  -82.00
77.00   -21.00  -77.00
82.00   -25.00  -66.00
82.00   -30.00  -54.00
71.00   -39.00  -37.00
55.00   -46.00  -42.00
33.00   -43.00  -43.00
18.00   -32.00  -40.00
14.00   -15.00  -14.00
30.00   -4.00   2.00
50.00   10.00   6.00
59.00   24.00   -2.00
63.00   37.00   -11.00
60.00   45.00   -30.00
60.00   45.00   -47.00
63.00   37.00   -69.00
62.00   32.00   -81.00
63.00   25.00   -86.00
74.00   21.00   -80.00
82.00   15.00   -71.00
86.00   22.00   -58.00
87.00   26.00   -38.00
81.00   17.00   -14.00
68.00   11.00   1.00
53.00   8.00    5.00
34.00   2.00    9.00
20.00   0.00    -9.00
14.00   0.00    -11.00
11.00   -10.00  -24.00
16.00   -23.00  -17.00
25.00   -32.00  -18.00
28.00   -37.00  -34.00
27.00   -41.00  -43.00
27.00   -31.00  -69.00
32.00   -18.00  -85.00
54.00   -4.00   -95.00
64.00   10.00   -91.00
68.00   21.00   -87.00
73.00   21.00   -84.00
67.00   11.00   -88.00
49.00   -1.00   -97.00
25.00   -16.00  -81.00
8.00    -18.00  -59.00
12.00   -18.00  -32.00
27.00   -17.00  -6.00
49.00   -17.00  0.00
44.00   -24.00  -9.00
43.00   -39.00  -22.00
44.00   -46.00  -45.00
41.00   -46.00  -54.00
43.00   -43.00  -40.00
34.00   -35.00  -16.00
27.00   -8.00   -1.00
21.00   13.00   -11.00
17.00   25.00   -19.00
6.00    17.00   -48.00
21.00   3.00    -86.00
36.00   1.00    -92.00
34.00   1.00    -95.00
7.00    0.00    -66.00
8.00    3.00    -16.00
39.00   9.00    2.00
57.00   8.00    5.00
65.00   9.00    3.00
60.00   -7.00   7.00
61.00   -25.00  -9.00
61.00   -41.00  -25.00
55.00   -45.00  -42.00
57.00   -45.00  -42.00
55.00   -40.00  -25.00
51.00   -32.00  -7.00
40.00   -4.00   6.00
29.00   15.00   0.00
34.00   30.00   -9.00
42.00   37.00   -12.00
53.00   35.00   -3.00
66.00   31.00   -6.00
77.00   26.00   -18.00
86.00   21.00   -22.00
93.00   11.00   -43.00
89.00   -1.00   -65.00
83.00   -14.00  -72.00
82.00   -19.00  -69.00
82.00   -25.00  -55.00
84.00   -24.00  -38.00
86.00   -12.00  -16.00
86.00   5.00    -14.00
78.00   28.00   -15.00
58.00   44.00   -21.00
41.00   42.00   -22.00
27.00   31.00   -14.00
14.00   10.00   -12.00
9.00    -4.00   -17.00
6.00    -9.00   -33.00
8.00    -17.00  -36.00
15.00   -33.00  -41.00
26.00   -40.00  -60.00
31.00   -37.00  -66.00
30.00   -33.00  -71.00
28.00   -31.00  -75.00
29.00   -29.00  -79.00
26.00   -15.00  -84.00
27.00   -7.00   -89.00
27.00   8.00    -87.00
22.00   13.00   -86.00
10.00   10.00   -70.00
2.00    1.00    -40.00
18.00   -1.00   -7.00
37.00   8.00    9.00
51.00   20.00   0.00
54.00   26.00   0.00
54.00   34.00   -6.00
54.00   36.00   -10.00
42.00   36.00   -4.00
22.00   20.00   -7.00
6.00    -10.00  -44.00
19.00   -27.00  -72.00
40.00   -34.00  -81.00
61.00   -30.00  -81.00
70.00   -32.00  -73.00
61.00   -41.00  -59.00
55.00   -44.00  -44.00
47.00   -47.00  -35.00
38.00   -41.00  -33.00
25.00   -31.00  -16.00
27.00   -13.00  -3.00
42.00   8.00    5.00
54.00   18.00   8.00
61.00   27.00   -6.00
68.00   39.00   -21.00
74.00   36.00   -30.00
72.00   42.00   -45.00
80.00   33.00   -51.00
90.00   20.00   -50.00
89.00   10.00   -22.00
80.00   -1.00   -8.00
63.00   -3.00   6.00
43.00   1.00    2.00
24.00   -3.00   -2.00
11.00   -9.00   -19.00
8.00    -16.00  -38.00
12.00   -28.00  -51.00
17.00   -29.00  -55.00
18.00   -31.00  -61.00
17.00   -30.00  -69.00
20.00   -27.00  -74.00
32.00   -25.00  -86.00
53.00   -17.00  -87.00
73.00   -14.00  -86.00
85.00   -8.00   -71.00
92.00   0.00    -55.00
94.00   7.00    -41.00
93.00   8.00    -39.00
93.00   4.00    -34.00
93.00   -5.00   -34.00
86.00   -20.00  -41.00
75.00   -35.00  -41.00
63.00   -40.00  -45.00
51.00   -49.00  -45.00
37.00   -44.00  -46.00
20.00   -32.00  -37.00
15.00   -24.00  -28.00
17.00   -7.00   -10.00
26.00   10.00   -3.00
41.00   29.00   -3.00
51.00   37.00   -10.00
54.00   44.00   -25.00
57.00   46.00   -26.00
63.00   45.00   -31.00
73.00   41.00   -36.00
80.00   32.00   -38.00
88.00   24.00   -33.00
91.00   20.00   -44.00
91.00   1.00    -35.00
90.00   -10.00  -17.00
86.00   -4.00   -7.00
77.00   8.00    -1.00
73.00   13.00   -5.00
70.00   11.00   -2.00
69.00   8.00    2.00
65.00   -5.00   2.00
61.00   -25.00  -8.00
54.00   -39.00  -21.00
51.00   -43.00  -39.00
45.00   -47.00  -49.00
39.00   -42.00  -54.00
27.00   -38.00  -49.00
12.00   -26.00  -33.00
7.00    -11.00  -32.00
6.00    4.00    -26.00
5.00    6.00    -34.00
6.00    1.00    -32.00
11.00   -11.00  -19.00
26.00   -33.00  -18.00
38.00   -43.00  -33.00
42.00   -46.00  -48.00
47.00   -42.00  -63.00
43.00   -41.00  -74.00
31.00   -30.00  -76.00
17.00   -27.00  -63.00
7.00    -15.00  -51.00
8.00    0.00    -30.00
12.00   12.00   -16.00
20.00   18.00   -12.00
29.00   18.00   -5.00
43.00   19.00   6.00
52.00   27.00   1.00
52.00   39.00   -9.00
58.00   45.00   -19.00
60.00   47.00   -35.00
68.00   45.00   -53.00
75.00   32.00   -63.00
83.00   20.00   -70.00
87.00   5.00    -72.00
90.00   -1.00   -57.00
90.00   -10.00  -63.00
79.00   -24.00  -70.00
58.00   -27.00  -81.00
41.00   -24.00  -88.00
41.00   -13.00  -93.00
46.00   2.00    -97.00
73.00   11.00   -85.00
89.00   19.00   -42.00
77.00   16.00   -4.00
48.00   9.00    9.00
38.00   14.00   4.00
29.00   -2.00   1.00
34.00   -18.00  -3.00
38.00   -35.00  -17.00
43.00   -44.00  -31.00
47.00   -47.00  -54.00
51.00   -43.00  -68.00
53.00   -35.00  -78.00
53.00   -31.00  -82.00
60.00   -23.00  -89.00
76.00   -24.00  -78.00
83.00   -26.00  -64.00
83.00   -24.00  -54.00
87.00   -20.00  -49.00
91.00   -17.00  -38.00
89.00   1.00    -21.00
75.00   13.00   -1.00
52.00   25.00   0.00
40.00   25.00   1.00
58.00   17.00   8.00
82.00   -1.00   -9.00
91.00   -10.00  -33.00
91.00   -15.00  -37.00
88.00   -15.00  -29.00
78.00   -1.00   -3.00
55.00   22.00   3.00
37.00   30.00   -7.00
43.00   22.00   0.00
71.00   0.00    2.00
83.00   -9.00   -15.00
78.00   -7.00   -8.00
58.00   15.00   7.00
41.00   38.00   -6.00
32.00   46.00   -33.00
29.00   40.00   -24.00
42.00   27.00   -3.00
66.00   7.00    3.00
85.00   -6.00   -12.00
93.00   -7.00   -36.00
96.00   2.00    -40.00
90.00   7.00    -20.00
47.00   7.00    7.00
10.00   8.00    -17.00
8.00    12.00   -40.00
8.00    17.00   -57.00
12.00   15.00   -68.00
16.00   18.00   -72.00
11.00   24.00   -50.00
28.00   31.00   -9.00
61.00   23.00   -1.00
79.00   2.00    -7.00
77.00   -18.00  -19.00
79.00   -26.00  -16.00
67.00   -15.00  -9.00
48.00   0.00    4.00
24.00   6.00    -6.00
7.00    8.00    -26.00
10.00   11.00   -22.00
21.00   4.00    -2.00
50.00   -12.00  5.00
66.00   -33.00  -10.00
70.00   -37.00  -36.00
73.00   -35.00  -31.00
66.00   -34.00  -17.00
48.00   -39.00  -21.00
32.00   -43.00  -40.00
29.00   -41.00  -36.00
33.00   -40.00  -33.00
35.00   -44.00  -28.00
59.00   -37.00  -24.00
57.00   -39.00  -34.00
62.00   -42.00  -33.00
64.00   -41.00  -32.00
58.00   -34.00  -14.00
40.00   -31.00  -11.00
18.00   -31.00  -31.00
12.00   -26.00  -43.00
16.00   -31.00  -34.00
21.00   -30.00  -31.00
25.00   -12.00  -7.00
32.00   14.00   3.00
31.00   37.00   -10.00
39.00   44.00   -29.00
46.00   39.00   -9.00
58.00   11.00   6.00
67.00   -15.00  -3.00
82.00   -25.00  -22.00
84.00   -31.00  -36.00
80.00   -27.00  -15.00
54.00   -5.00   7.00
20.00   18.00   -8.00
11.00   22.00   -26.00
6.00    11.00   -37.00
11.00   3.00    -16.00
29.00   15.00   -1.00
47.00   16.00   2.00
58.00   12.00   9.00
55.00   10.00   3.00
63.00   12.00   0.00
62.00   18.00   3.00
55.00   12.00   2.00
47.00   14.00   2.00
35.00   14.00   4.00
32.00   12.00   1.00
35.00   20.00   3.00
29.00   33.00   -14.00
22.00   38.00   -34.00
18.00   35.00   -34.00
18.00   35.00   -27.00
21.00   35.00   -25.00
42.00   31.00   -1.00
65.00   20.00   -3.00
77.00   16.00   -4.00
78.00   20.00   -8.00
65.00   17.00   2.00
50.00   20.00   -1.00
43.00   23.00   2.00
51.00   29.00   -1.00
56.00   26.00   1.00
55.00   22.00   2.00
57.00   21.00   0.00
58.00   14.00   3.00
60.00   10.00   3.00
51.00   3.00    8.00
50.00   7.00    9.00
54.00   6.00    6.00
76.00   -10.00  -6.00
71.00   -35.00  -32.00
48.00   -43.00  -61.00
20.00   -32.00  -66.00
5.00    -7.00   -63.00
5.00    11.00   -44.00
7.00    25.00   -31.00
11.00   18.00   -20.00
16.00   9.00    -13.00
31.00   0.00    2.00
49.00   -2.00   8.00
53.00   4.00    10.00
57.00   7.00    9.00
54.00   3.00    10.00
41.00   13.00   6.00
38.00   14.00   3.00
42.00   11.00   8.00
42.00   14.00   1.00
43.00   16.00   7.00
41.00   15.00   4.00
40.00   14.00   8.00
47.00   16.00   4.00
51.00   15.00   1.00
52.00   15.00   3.00
50.00   14.00   2.00
49.00   14.00   1.00
50.00   13.00   5.00
51.00   16.00   1.00
51.00   14.00   0.00
50.00   14.00   1.00
54.00   16.00   -1.00
50.00   14.00   5.00
51.00   15.00   3.00
49.00   13.00   1.00
50.00   18.00   0.00
50.00   12.00   4.00
53.00   13.00   3.00
51.00   15.00   3.00
50.00   13.00   4.00
51.00   15.00   3.00
51.00   18.00   4.00
50.00   12.00   -1.00
54.00   14.00   1.00
51.00   13.00   -2.00
51.00   16.00   0.00
53.00   14.00   3.00
53.00   18.00   4.00
51.00   16.00   2.00
51.00   17.00   3.00
50.00   15.00   3.00
51.00   14.00   3.00
50.00   14.00   3.00
53.00   17.00   2.00
50.00   15.00   2.00
48.00   17.00   2.00
51.00   17.00   6.00
51.00   13.00   4.00
52.00   16.00   3.00
50.00   15.00   1.00
52.00   17.00   7.00
51.00   17.00   4.00
50.00   17.00   2.00
53.00   16.00   2.00
51.00   15.00   2.00
51.00   11.00   1.00
53.00   17.00   3.00
54.00   15.00   1.00
53.00   12.00   3.00
52.00   17.00   1.00
49.00   14.00   1.00
50.00   12.00   -1.00
