-0.02   47.86   20.91
-0.02   47.86   20.91
-0.02   47.86   20.91
-0.02   47.86   20.91
4.50   48.96   18.85
4.50   48.96   18.85
4.50   48.96   18.85
4.50   48.96   18.85
4.50   48.96   18.85
4.50   48.96   18.85
4.50   48.96   18.85
4.50   48.96   18.85
10.02   36.83   32.98
10.02   36.83   32.98
10.02   36.83   32.98
10.02   36.83   32.98
10.02   36.83   32.98
10.02   36.83   32.98
10.02   36.83   32.98
18.97   3.03   48.39
18.97   3.03   48.39
18.97   3.03   48.39
18.97   3.03   48.39
18.97   3.03   48.39
18.97   3.03   48.39
18.97   3.03   48.39
18.97   3.03   48.39
10.22   -31.40   37.95
10.22   -31.40   37.95
10.22   -31.40   37.95
10.22   -31.40   37.95
10.22   -31.40   37.95
10.22   -31.40   37.95
10.22   -31.40   37.95
4.93   -46.13   12.17
4.93   -46.13   12.17
4.93   -46.13   12.17
4.93   -46.13   12.17
4.93   -46.13   12.17
4.93   -46.13   12.17
4.93   -46.13   12.17
5.15   -49.11   -5.82
5.15   -49.11   -5.82
5.15   -49.11   -5.82
5.15   -49.11   -5.82
5.15   -49.11   -5.82
5.15   -49.11   -5.82
5.15   -49.11   -5.82
8.60   -49.01   -12.87
8.60   -49.01   -12.87
8.60   -49.01   -12.87
8.60   -49.01   -12.87
8.60   -49.01   -12.87
8.60   -49.01   -12.87
8.60   -49.01   -12.87
6.14   -52.55   7.24
6.14   -52.55   7.24
6.14   -52.55   7.24
6.14   -52.55   7.24
6.14   -52.55   7.24
6.14   -52.55   7.24
6.14   -52.55   7.24
6.14   -52.55   7.24
6.81   -30.34   39.97
6.81   -30.34   39.97
6.81   -30.34   39.97
6.81   -30.34   39.97
6.81   -30.34   39.97
6.81   -30.34   39.97
3.19   9.57   48.46
3.19   9.57   48.46
3.19   9.57   48.46
3.19   9.57   48.46
3.19   9.57   48.46
3.19   9.57   48.46
3.19   9.57   48.46
3.19   9.57   48.46
-1.29   35.71   38.12
-1.29   35.71   38.12
-1.29   35.71   38.12
-1.29   35.71   38.12
-1.29   35.71   38.12
-1.29   35.71   38.12
-1.29   35.71   38.12
-4.47   52.30   14.89
-4.47   52.30   14.89
-4.47   52.30   14.89
-4.47   52.30   14.89
-4.47   52.30   14.89
-4.47   52.30   14.89
-4.47   52.30   14.89
-4.47   52.30   14.89
2.59   50.50   -11.20
2.59   50.50   -11.20
2.59   50.50   -11.20
2.59   50.50   -11.20
2.59   50.50   -11.20
2.59   50.50   -11.20
2.59   50.50   -11.20
4.87   51.62   -14.24
4.87   51.62   -14.24
4.87   51.62   -14.24
4.87   51.62   -14.24
4.87   51.62   -14.24
4.87   51.62   -14.24
4.87   51.62   -14.24
9.30   49.34   -7.24
9.30   49.34   -7.24
9.30   49.34   -7.24
9.30   49.34   -7.24
9.30   49.34   -7.24
9.30   49.34   -7.24
9.30   49.34   -7.24
20.42   44.77   5.73
20.42   44.77   5.73
20.42   44.77   5.73
20.42   44.77   5.73
20.42   44.77   5.73
20.42   44.77   5.73
20.42   44.77   5.73
20.42   44.77   5.73
29.40   36.01   10.77
29.40   36.01   10.77
29.40   36.01   10.77
29.40   36.01   10.77
29.40   36.01   10.77
29.40   36.01   10.77
29.40   36.01   10.77
21.25   33.50   35.92
21.25   33.50   35.92
21.25   33.50   35.92
21.25   33.50   35.92
21.25   33.50   35.92
21.25   33.50   35.92
21.25   33.50   35.92
21.25   33.50   35.92
22.42   27.03   34.00
22.42   27.03   34.00
22.42   27.03   34.00
22.42   27.03   34.00
22.42   27.03   34.00
22.42   27.03   34.00
22.42   27.03   34.00
30.27   22.62   37.99
30.27   22.62   37.99
30.27   22.62   37.99
30.27   22.62   37.99
30.27   22.62   37.99
30.27   22.62   37.99
30.27   22.62   37.99
30.27   22.62   37.99
27.99   5.19   46.27
27.99   5.19   46.27
27.99   5.19   46.27
27.99   5.19   46.27
27.99   5.19   46.27
27.99   5.19   46.27
27.99   5.19   46.27
27.99   5.19   46.27
28.15   -14.16   38.53
28.15   -14.16   38.53
28.15   -14.16   38.53
28.15   -14.16   38.53
28.15   -14.16   38.53
28.15   -14.16   38.53
28.15   -14.16   38.53
30.62   -29.11   24.69
30.62   -29.11   24.69
30.62   -29.11   24.69
30.62   -29.11   24.69
30.62   -29.11   24.69
30.62   -29.11   24.69
30.62   -29.11   24.69
27.35   -37.65   17.83
27.35   -37.65   17.83
27.35   -37.65   17.83
27.35   -37.65   17.83
27.35   -37.65   17.83
27.35   -37.65   17.83
27.35   -37.65   17.83
27.35   -37.65   17.83
20.76   -45.01   5.98
20.76   -45.01   5.98
20.76   -45.01   5.98
20.76   -45.01   5.98
20.76   -45.01   5.98
20.76   -45.01   5.98
20.76   -45.01   5.98
18.54   -44.96   3.00
18.54   -44.96   3.00
18.54   -44.96   3.00
18.54   -44.96   3.00
18.54   -44.96   3.00
18.54   -44.96   3.00
18.54   -44.96   3.00
23.93   -37.69   21.87
23.93   -37.69   21.87
23.93   -37.69   21.87
23.93   -37.69   21.87
23.93   -37.69   21.87
23.93   -37.69   21.87
23.93   -37.69   21.87
31.60   -15.17   32.50
31.60   -15.17   32.50
31.60   -15.17   32.50
31.60   -15.17   32.50
31.60   -15.17   32.50
31.60   -15.17   32.50
31.60   -15.17   32.50
35.95   9.61   38.11
35.95   9.61   38.11
35.95   9.61   38.11
35.95   9.61   38.11
35.95   9.61   38.11
35.95   9.61   38.11
35.95   9.61   38.11
35.95   24.84   32.89
35.95   24.84   32.89
35.95   24.84   32.89
35.95   24.84   32.89
35.95   24.84   32.89
35.95   24.84   32.89
35.95   24.84   32.89
35.95   24.84   32.89
35.95   24.84   32.89
39.35   21.59   31.90
39.35   21.59   31.90
39.35   21.59   31.90
39.35   21.59   31.90
39.35   21.59   31.90
39.35   21.59   31.90
39.35   21.59   31.90
31.47   9.66   36.16
31.47   9.66   36.16
31.47   9.66   36.16
31.47   9.66   36.16
31.47   9.66   36.16
31.47   9.66   36.16
31.47   9.66   36.16
31.47   9.66   36.16
24.70   -7.74   43.48
24.70   -7.74   43.48
24.70   -7.74   43.48
24.70   -7.74   43.48
24.70   -7.74   43.48
24.70   -7.74   43.48
24.70   -7.74   43.48
3.43   -32.50   41.03
3.43   -32.50   41.03
3.43   -32.50   41.03
3.43   -32.50   41.03
3.43   -32.50   41.03
3.43   -32.50   41.03
3.43   -32.50   41.03
20.58   -43.08   20.98
20.58   -43.08   20.98
20.58   -43.08   20.98
20.58   -43.08   20.98
20.58   -43.08   20.98
20.58   -43.08   20.98
20.58   -43.08   20.98
23.12   -43.79   -4.07
23.12   -43.79   -4.07
23.12   -43.79   -4.07
23.12   -43.79   -4.07
23.12   -43.79   -4.07
23.12   -43.79   -4.07
23.12   -43.79   -4.07
27.71   -33.90   -15.27
27.71   -33.90   -15.27
27.71   -33.90   -15.27
27.71   -33.90   -15.27
27.71   -33.90   -15.27
27.71   -33.90   -15.27
27.71   -33.90   -15.27
41.09   -25.41   -7.51
41.09   -25.41   -7.51
41.09   -25.41   -7.51
41.09   -25.41   -7.51
41.09   -25.41   -7.51
41.09   -25.41   -7.51
41.09   -25.41   -7.51
40.60   -14.12   32.39
40.60   -14.12   32.39
40.60   -14.12   32.39
40.60   -14.12   32.39
40.60   -14.12   32.39
40.60   -14.12   32.39
40.60   -14.12   32.39
4.34   -4.53   50.65
4.34   -4.53   50.65
4.34   -4.53   50.65
4.34   -4.53   50.65
4.34   -4.53   50.65
4.34   -4.53   50.65
4.34   -4.53   50.65
-17.05   7.49   47.69
-17.05   7.49   47.69
-17.05   7.49   47.69
-17.05   7.49   47.69
-17.05   7.49   47.69
-17.05   7.49   47.69
-17.05   7.49   47.69
-28.28   14.10   42.70
-28.28   14.10   42.70
-28.28   14.10   42.70
-28.28   14.10   42.70
-28.28   14.10   42.70
-28.28   14.10   42.70
-28.28   14.10   42.70
-31.61   10.91   39.77
-31.61   10.91   39.77
-31.61   10.91   39.77
-31.61   10.91   39.77
-31.61   10.91   39.77
-31.61   10.91   39.77
-31.61   10.91   39.77
-32.68   -10.76   42.09
-32.68   -10.76   42.09
-32.68   -10.76   42.09
-32.68   -10.76   42.09
-32.68   -10.76   42.09
-32.68   -10.76   42.09
-32.68   -10.76   42.09
-24.61   -34.45   33.33
-24.61   -34.45   33.33
-24.61   -34.45   33.33
-24.61   -34.45   33.33
-24.61   -34.45   33.33
-24.61   -34.45   33.33
-24.61   -34.45   33.33
-20.90   -45.97   7.42
-20.90   -45.97   7.42
-20.90   -45.97   7.42
-20.90   -45.97   7.42
-20.90   -45.97   7.42
-20.90   -45.97   7.42
-20.90   -45.97   7.42
-20.69   -41.34   -12.68
-20.69   -41.34   -12.68
-20.69   -41.34   -12.68
-20.69   -41.34   -12.68
-20.69   -41.34   -12.68
-20.69   -41.34   -12.68
-22.78   -36.76   -28.75
-22.78   -36.76   -28.75
-22.78   -36.76   -28.75
-22.78   -36.76   -28.75
-22.78   -36.76   -28.75
-22.78   -36.76   -28.75
-22.78   -36.76   -28.75
-27.37   -39.03   -20.66
-27.37   -39.03   -20.66
-27.37   -39.03   -20.66
-27.37   -39.03   -20.66
-27.37   -39.03   -20.66
-27.37   -39.03   -20.66
-27.37   -39.03   -20.66
-34.41   -37.22   4.42
-34.41   -37.22   4.42
-34.41   -37.22   4.42
-34.41   -37.22   4.42
-34.41   -37.22   4.42
-34.41   -37.22   4.42
-34.41   -37.22   4.42
-32.52   -19.24   31.19
-32.52   -19.24   31.19
-32.52   -19.24   31.19
-32.52   -19.24   31.19
-32.52   -19.24   31.19
-32.52   -19.24   31.19
-32.52   -19.24   31.19
-12.50   4.28   44.68
-12.50   4.28   44.68
-12.50   4.28   44.68
-12.50   4.28   44.68
-12.50   4.28   44.68
-12.50   4.28   44.68
-12.50   4.28   44.68
11.07   25.85   43.14
11.07   25.85   43.14
11.07   25.85   43.14
11.07   25.85   43.14
11.07   25.85   43.14
11.07   25.85   43.14
11.07   25.85   43.14
11.05   28.00   44.11
11.05   28.00   44.11
11.05   28.00   44.11
11.05   28.00   44.11
11.05   28.00   44.11
11.05   28.00   44.11
11.05   28.00   44.11
11.05   28.00   44.11
13.35   24.79   41.13
13.35   24.79   41.13
13.35   24.79   41.13
13.35   24.79   41.13
13.35   24.79   41.13
13.35   24.79   41.13
13.35   24.79   41.13
6.55   21.49   46.25
6.55   21.49   46.25
6.55   21.49   46.25
6.55   21.49   46.25
6.55   21.49   46.25
6.55   21.49   46.25
6.55   21.49   46.25
6.55   21.49   46.25
2.05   17.17   47.36
2.05   17.17   47.36
2.05   17.17   47.36
2.05   17.17   47.36
2.05   17.17   47.36
2.05   17.17   47.36
2.05   17.17   47.36
0.91   20.42   47.33
0.91   20.42   47.33
0.91   20.42   47.33
0.91   20.42   47.33
0.91   20.42   47.33
0.91   20.42   47.33
0.91   20.42   47.33
0.91   20.42   47.33
3.15   23.65   47.26
3.15   23.65   47.26
3.15   23.65   47.26
3.15   23.65   47.26
3.15   23.65   47.26
3.15   23.65   47.26
3.15   23.65   47.26
5.43   20.41   46.28
5.43   20.41   46.28
5.43   20.41   46.28
5.43   20.41   46.28
5.43   20.41   46.28
5.43   20.41   46.28
5.43   20.41   46.28
5.43   20.41   46.28
-19.34   22.68   45.49
-19.34   22.68   45.49
-19.34   22.68   45.49
-19.34   22.68   45.49
-19.34   22.68   45.49
-19.34   22.68   45.49
-19.34   22.68   45.49
-45.93   15.73   10.81
-45.93   15.73   10.81
-45.93   15.73   10.81
-45.93   15.73   10.81
-45.93   15.73   10.81
-45.93   15.73   10.81
-45.93   15.73   10.81
-48.97   9.67   -17.12
-48.97   9.67   -17.12
-48.97   9.67   -17.12
-48.97   9.67   -17.12
-48.97   9.67   -17.12
-48.97   9.67   -17.12
-48.97   9.67   -17.12
-49.09   9.50   -6.10
-49.09   9.50   -6.10
-49.09   9.50   -6.10
-49.09   9.50   -6.10
-49.09   9.50   -6.10
-49.09   9.50   -6.10
-49.09   9.50   -6.10
-42.76   19.79   27.74
-42.76   19.79   27.74
-42.76   19.79   27.74
-42.76   19.79   27.74
-42.76   19.79   27.74
-42.76   19.79   27.74
-42.76   19.79   27.74
3.16   19.31   48.32
3.16   19.31   48.32
3.16   19.31   48.32
3.16   19.31   48.32
3.16   19.31   48.32
3.16   19.31   48.32
3.16   19.31   48.32
32.57   18.33   35.02
32.57   18.33   35.02
32.57   18.33   35.02
32.57   18.33   35.02
32.57   18.33   35.02
32.57   18.33   35.02
32.57   18.33   35.02
32.57   18.33   35.02
45.12   13.07   21.95
45.12   13.07   21.95
45.12   13.07   21.95
45.12   13.07   21.95
45.12   13.07   21.95
45.12   13.07   21.95
45.12   13.07   21.95
46.49   21.00   -2.21
46.49   21.00   -2.21
46.49   21.00   -2.21
46.49   21.00   -2.21
46.49   21.00   -2.21
46.49   21.00   -2.21
46.49   21.00   -2.21
45.39   19.96   -4.19
45.39   19.96   -4.19
45.39   19.96   -4.19
45.39   19.96   -4.19
45.39   19.96   -4.19
45.39   19.96   -4.19
45.39   19.96   -4.19
44.03   19.64   16.86
44.03   19.64   16.86
44.03   19.64   16.86
44.03   19.64   16.86
44.03   19.64   16.86
44.03   19.64   16.86
44.03   19.64   16.86
44.03   19.64   16.86
32.61   2.07   37.25
32.61   2.07   37.25
32.61   2.07   37.25
32.61   2.07   37.25
32.61   2.07   37.25
32.61   2.07   37.25
32.61   2.07   37.25
43.01   -12.83   18.33
43.01   -12.83   18.33
43.01   -12.83   18.33
43.01   -12.83   18.33
43.01   -12.83   18.33
43.01   -12.83   18.33
43.01   -12.83   18.33
46.43   -9.52   13.24
46.43   -9.52   13.24
46.43   -9.52   13.24
46.43   -9.52   13.24
46.43   -9.52   13.24
46.43   -9.52   13.24
46.43   -9.52   13.24
45.23   -11.79   20.29
45.23   -11.79   20.29
45.23   -11.79   20.29
45.23   -11.79   20.29
45.23   -11.79   20.29
45.23   -11.79   20.29
45.23   -11.79   20.29
46.33   -12.92   23.30
46.33   -12.92   23.30
46.33   -12.92   23.30
46.33   -12.92   23.30
46.33   -12.92   23.30
46.33   -12.92   23.30
46.33   -12.92   23.30
46.33   -12.92   23.30
44.00   13.07   21.96
44.00   13.07   21.96
44.00   13.07   21.96
44.00   13.07   21.96
44.00   13.07   21.96
44.00   13.07   21.96
44.00   13.07   21.96
32.60   12.93   34.09
32.60   12.93   34.09
32.60   12.93   34.09
32.60   12.93   34.09
32.60   12.93   34.09
32.60   12.93   34.09
32.60   12.93   34.09
14.44   16.04   47.25
14.44   16.04   47.25
14.44   16.04   47.25
14.44   16.04   47.25
14.44   16.04   47.25
14.44   16.04   47.25
14.44   16.04   47.25
-18.23   15.04   49.60
-18.23   15.04   49.60
-18.23   15.04   49.60
-18.23   15.04   49.60
-18.23   15.04   49.60
-18.23   15.04   49.60
-18.23   15.04   49.60
-18.23   15.04   49.60
-36.10   19.64   35.69
-36.10   19.64   35.69
-36.10   19.64   35.69
-36.10   19.64   35.69
-36.10   19.64   35.69
-36.10   19.64   35.69
-36.10   19.64   35.69
-48.14   12.53   7.87
-48.14   12.53   7.87
-48.14   12.53   7.87
-48.14   12.53   7.87
-48.14   12.53   7.87
-48.14   12.53   7.87
-48.14   12.53   7.87
-49.14   14.88   -4.17
-49.14   14.88   -4.17
-49.14   14.88   -4.17
-49.14   14.88   -4.17
-49.14   14.88   -4.17
-49.14   14.88   -4.17
-49.14   14.88   -4.17
-49.10   13.85   -7.16
-49.10   13.85   -7.16
-49.10   13.85   -7.16
-49.10   13.85   -7.16
-49.10   13.85   -7.16
-49.10   13.85   -7.16
-50.29   2.90   2.02
-50.29   2.90   2.02
-50.29   2.90   2.02
-50.29   2.90   2.02
-50.29   2.90   2.02
-50.29   2.90   2.02
-50.29   2.90   2.02
-50.29   2.90   2.02
-50.29   2.90   2.02
-44.85   -6.08   22.12
-44.85   -6.08   22.12
-44.85   -6.08   22.12
-44.85   -6.08   22.12
-44.85   -6.08   22.12
-44.85   -6.08   22.12
-30.28   -23.61   33.23
-30.28   -23.61   33.23
-30.28   -23.61   33.23
-30.28   -23.61   33.23
-30.28   -23.61   33.23
-30.28   -23.61   33.23
-30.28   -23.61   33.23
-1.09   -24.90   39.97
-1.09   -24.90   39.97
-1.09   -24.90   39.97
-1.09   -24.90   39.97
-1.09   -24.90   39.97
-1.09   -24.90   39.97
-1.09   -24.90   39.97

